Trafficcone 2 0 3.2930682924850125 543.366089 336.420624 552.86554 357.83462499999996 0.433738 0.369352 0.217686 -9.14268081137096 -4.66012985804732 51.363955925243076 -1.5527108106098741
Car 0 0 1.9141304792503406 203.756653 246.294037 301.215943 309.500153 1.48235 4.241219 1.937682 -20.284275789102765 -7.412983537080397 64.7468584581783 -3.0728731811217704
Car 1 3 1.9873339771832674 0 313.08725 70.890556 412.19973799999997 1.712159 4.347082 2.069001 -20.539665967406727 -3.4038546773306955 47.3726900823363 -3.1042329629928243
Car 0 0 4.668905819385078 936.505676 280.395386 1012.890686 360.642212 1.795317 4.311423 2.09444 0.8158827770493065 -5.138057127205771 55.37923542009984 0.0022765108535213433
Car 0 0 -1.5600524628889096 811.033142 279.237213 883.240234 350.780243 1.403052 4.268273 2.113689 -2.277297902835883 -5.704755745647519 57.62864608468919 0.0022757584961754828
Trafficcone 0 0 2.920174560045575 1786.902344 328.389801 1795.20459 344.773193 0.575268 0.319119 0.171938 22.985523150978853 -5.64837836218825 59.04674771523395 -1.3732413498502893
Motorcyclist 1 0 2.948676128793237 1367.794067 178.911575 1409.6339110000001 211.38639799999999 1.080482 1.719583 0.861358 19.124395427375482 -14.208453171870804 94.82735543624997 -1.520990311462861
Cyclist 1 0 0.577401206293682 1517.33667 230.57312 1551.358643 266.56784 1.766274 1.783386 0.777327 20.21680822645556 -9.592989635812614 74.81889992312725 2.4630606012068403
Trafficcone 2 0 3.4465177829197087 66.136894 535.38208 82.21878799999999 597.950256 0.853854 0.274919 0.416396 -12.16823594629745 0.3469701679825299 31.197649517065194 -1.5963444177567012
Trafficcone 1 0 0.0580548754812974 1644.551514 195.095551 1677.667481 222.940659 1.128325 1.503026 0.387408 28.71715599075632 -13.030464710547204 86.93402359296933 2.0000009253776025
Trafficcone 1 0 2.816651714648729 1688.967285 200.017807 1698.786011 219.434158 0.726164 0.329463 0.286505 30.311606255860433 -13.234735214650968 87.79217580405081 -1.5195271377496027
Trafficcone 1 0 3.260992952987382 616.546692 305.505554 623.564697 336.451416 0.882844 0.429327 0.204905 -8.327039595483019 -5.73773026591987 57.39739272655359 -1.5527046846507915
Car 1 0 1.6758786689987282 635.877625 140.45787 671.75824 167.49931300000003 1.456858 4.416424 1.816689 -17.418731445133286 -22.491090760482862 131.53434839003586 -3.1372099444876302
Trafficcone 2 0 3.2686819606301842 595.244324 317.870636 604.759033 342.65750099999997 0.477837 0.422701 0.318456 -8.313036720447968 -5.382388005718502 54.35742978324886 -1.5527007763701355
Trafficcone 0 2 2.787899207942156 1911.845093 359.235107 1920.0 399.69439700000004 0.89225 0.158731 0.570811 22.59089488760058 -3.7138905931805013 51.062067583422404 -1.4625581978345463
Car 0 0 4.636706303933567 1108.255859 159.627579 1193.8302 253.786957 3.19582 8.162645 3.196433 8.255767110515372 -11.584108238325232 83.91406049584909 0.05187686757298274
Cyclist 0 0 2.892264536716446 1405.34729 198.323135 1449.76001 225.266693 1.551815 1.748158 0.802903 20.12537667651486 -13.052099184487982 88.97201665632467 -1.5549751211779008
Trafficcone 0 0 3.4590147573381747 71.089859 594.218384 94.090355 656.363892 0.713265 0.351207 0.221983 -10.760220042483315 1.1136495449079478 27.925742241680823 -1.5792088571366512
Trafficcone 0 0 2.8196880837011062 1821.836548 355.853546 1832.854004 386.699493 0.886422 0.394394 0.300758 20.975205040619507 -4.02446368047606 51.79830962133261 -1.462544026836711
Car 0 0 4.67203867046631 962.616699 435.885803 1071.1166990000002 596.032837 1.910056 4.455209 2.262334 1.4544775705995492 -0.06611701846501816 33.479297629924964 0.033130814181461105
Trafficcone 0 0 2.8286540288128093 1801.46521 372.793213 1813.262451 411.817566 0.857448 0.567168 0.432917 19.213611337393065 -3.1710055554616368 48.69893442484725 -1.462546377020403
Trafficcone 0 0 2.8569880640392804 1731.223022 345.301208 1742.7403559999998 376.641571 1.066565 0.412365 0.375078 19.204612603085483 -4.222246548760278 53.028009055747624 -1.4625352324909888
Motorcyclist 1 0 3.043505691285149 1350.136597 173.846909 1385.8867189999999 203.10054100000002 1.447088 1.810198 0.731698 19.931425298500315 -15.60438886342926 100.30328433772951 -1.4263405675875258
Trafficcone 0 0 2.9132767525102228 1593.410889 337.337646 1602.92688 369.746551 0.790358 0.644022 0.329987 16.14116047382748 -4.532086018937681 53.8601690965488 -1.462543977851445
Car 1 3 2.0004242095711398 0 260.136902 105.696831 331.891388 1.645071 4.337559 2.11366 -24.229237262112537 -6.098029584219944 58.96183272218924 -3.0728726867248524
Trafficcone 0 0 2.869664405604419 1699.793701 370.612305 1710.765014 407.575562 0.8947 0.526995 0.356374 16.940906988091754 -3.2919581396980835 48.697631362275494 -1.4625408324559661
Trafficcone 0 0 2.9031525905295084 1618.385864 348.523224 1630.7973630000001 381.24514800000003 0.846382 0.564897 0.504367 16.11949125964664 -4.015806757470404 51.871058094837615 -1.4625374114667276
Trafficcone 0 0 2.853599337240367 1600.100952 195.669403 1609.082764 213.11068699999998 0.686771 0.303556 0.266483 27.27198560850164 -13.72788708090632 89.57983309590085 -1.5195012348286316
Trafficcone 0 0 2.9251297217129864 1565.127075 324.166779 1575.7938230000002 357.762757 0.742874 0.717516 0.760315 16.13049842199156 -4.95586026289889 56.239661058424446 -1.462541017838459
Trafficcone 0 0 3.419944722700096 225.342728 534.45282 245.153839 591.940613 0.77422 0.341685 0.329009 -9.840791302791576 0.29509786915933667 31.25127859844561 -1.5548081405147414
Car 0 0 1.8283366186115921 429.410675 184.636688 487.194885 224.722214 1.340647 4.191494 2.002429 -20.436903330397552 -13.88952082055535 92.63632779333055 -3.0722219673340763
Trafficcone 1 0 2.8933177651835047 1640.174927 333.377747 1650.456543 361.204407 0.837886 0.398685 0.268611 17.545522065109555 -4.746088236898885 54.56100188758269 -1.4625397975491266
Motorcyclist 1 0 2.877900916490965 1340.455811 171.625977 1372.886475 200.66597000000002 1.43533 1.850192 0.759473 20.097256828575485 -16.56814435370764 102.90234913254585 -1.600321572737637
Car 1 0 0.3130365690203205 50.42498 118.245979 158.486008 165.519088 3.713664 7.499055 3.73082 -47.98467759632055 -22.28296994764146 127.24552486630324 1.565257629194654
Car 1 0 1.7462175856894648 558.620667 137.684326 604.281739 174.015625 1.576959 4.189867 1.815553 -20.84712611736219 -21.150565270060145 126.41614775282298 -3.0998104401264426
Trafficcone 0 0 2.8937099889204045 1643.10144 359.910461 1655.3621819999998 395.301208 0.785215 0.668237 0.343775 16.141122460698316 -3.449816700229359 50.2609133501043 -1.4625369013661649
Car 0 0 2.007577802354165 10.665343 341.667847 179.16227600000002 433.086121 1.421129 4.740007 2.02112 -17.283253928103882 -2.781604655363454 44.32883360887825 -3.048304372306357
Motorcyclist 1 0 3.3175864367148344 1355.651978 177.142487 1393.5672610000001 204.70706199999998 0.75426 1.662176 0.783606 20.225411898383147 -15.258761307787598 97.27089336823944 -1.137644315483073
Car 0 0 1.7710084891323372 566.490906 164.603317 614.814453 201.576324 1.090961 4.240069 2.16069 -17.096317059723035 -16.988281324680052 106.06837643594704 -3.072221475129519
Trafficcone 0 0 2.7956966429781254 1880.907349 379.605896 1890.878785 412.766235 0.856051 0.659835 0.291197 21.114490563037094 -3.257323022974891 48.746879506764735 -1.4625434781544753
Trafficcone 0 2 3.496706503773023 0 663.536194 12.592186 724.1106570000001 0.835339 0.395236 0.21709 -10.872966834915683 1.677672786520307 25.32915949142159 -1.5792127813524075
Trafficcone 0 0 2.8234497280146003 1768.338257 518.268005 1788.4487310000002 571.15802 0.854364 0.357032 0.500034 12.824053123570224 0.03827286041223488 33.756844671639605 -1.4810053499579732
Trafficcone 0 0 2.8004915045334378 1827.585449 555.69281 1850.3377679999999 609.264343 0.70822 0.414778 0.317137 12.771989946775985 0.5504757576432198 31.42688709346701 -1.4810044895107022
