Trafficcone 0 2 -0.44634791384219163 1909.956543 360.348053 1920.0 396.88797 0.840053 0.436958 0.445495 22.706494983150687 -3.788345033167108 50.8544334551737 1.5870963599623766
Trafficcone 1 0 -1.4233190663146065 1689.651367 199.1633 1702.6556389999998 218.928238 0.461315 0.171936 0.296318 30.412201581099673 -13.286661457639294 87.77950961427462 0.5015193379416881
Trafficcone 0 0 4.417476022086817 1822.773438 352.9487 1836.0404059999998 382.527771 0.898255 0.44147 0.435907 21.032173668118332 -4.0763186573153245 51.880143620772614 0.1178063909316762
Car 0 0 1.735128339521593 441.219452 192.290527 514.722656 248.033279 1.722938 4.250462 2.009179 -17.303386034031742 -11.41159629331521 82.0519167700954 3.1295692685401018
Trafficcone 0 0 4.247707963363841 1829.267944 554.247681 1851.3782959999999 611.7799689999999 0.843359 0.475023 0.435425 12.831800896310536 0.5461142199258724 31.50615513079703 -0.04535600182336845
Trafficcone 0 0 -0.4856364562895851 1878.90271 372.935211 1891.805298 413.247925 0.890291 0.459607 0.430353 21.046027120753564 -3.356109277826146 48.79685486187176 1.533396054345483
Trafficcone 0 0 0.2966011866780673 70.446327 593.651123 93.965812 659.012756 0.851274 0.477292 0.469725 -10.792345560926837 1.0700460172169084 27.905339068273957 1.5396047367077585
Car 0 0 1.9292440979882186 64.748047 265.136322 193.25518799999998 367.75943 1.718504 4.745133 2.009396 -19.988120037397977 -4.975312822193446 54.15725924916455 -3.106701309344368
Car 0 3 1.9748159748851488 0 273.444153 61.432224 367.008179 1.751429 4.631501 2.057613 -23.924812451064863 -4.999316794464347 54.42000697655673 -3.1213094572278357
Car 1 0 1.8681144080847403 215.876404 244.711472 309.622498 308.089447 1.532154 4.263748 1.920395 -20.466887910439464 -7.529329681831728 65.5094273992565 -3.1167711506613345
Car 1 0 1.6021896737013337 572.998962 125.600586 617.794983 164.05143700000002 1.835889 4.709339 2.08009 -22.185089318802234 -23.38873942009829 136.75881608362155 3.046371020385937
Trafficcone 0 0 -1.2545681605417498 224.431366 533.275574 244.437027 593.340515 0.833514 0.384906 0.446832 -9.943917028133832 0.33246006017721896 31.25468040995655 0.03810854051258119
Car 1 0 1.6467125120813513 538.643921 151.525986 583.5632939999999 182.819596 1.466544 4.30225 1.934655 -20.81293866571674 -19.602552973456273 118.57060463827389 3.076938789133733
Trafficcone 0 0 0.14917156808736148 1693.672974 315.548553 1704.3463140000001 329.506683 0.485505 0.296777 0.280151 21.219684699238183 -6.1607730784906884 61.439671071493336 2.105583481003763
Cyclist 1 0 2.7612772881263097 1406.702148 199.648163 1447.976196 228.482514 1.179496 1.630228 0.434334 20.15914127619401 -13.067452021191968 89.20747272697477 -1.6904592590232321
Trafficcone 0 0 1.3347761217352838 1563.222534 324.161194 1576.164673 357.47427400000004 0.880052 0.468834 0.469674 16.07889084074357 -5.090917360314984 56.190753478071436 -3.070010987184484
Car 0 0 4.591817870518968 958.168518 326.025696 1046.1536859999999 420.07751499999995 1.638503 4.32841 1.965885 1.3290317349979275 -3.4721538015131745 47.99948740326875 -0.05985575724019193
Trafficcone 0 0 1.2162248823321595 1642.987427 360.577118 1656.2517090000001 397.52356 0.833889 0.470885 0.524784 16.163361975629996 -3.8397580549398107 50.181366598708955 3.1300929012901277
Trafficcone 0 0 -0.3832911065280146 1799.160034 372.295471 1812.804077 407.788086 0.896249 0.462817 0.44121 19.269948564302105 -3.3540311176507807 48.78231587227776 1.6070214415214807
Trafficcone 0 0 4.270752570066526 1769.375366 520.017822 1791.879272 573.338806 0.855215 0.445204 0.460704 12.869971389710464 0.05230754128390469 33.711234922093894 -0.04441421657913365
Pedestrian 1 0 4.498883448921022 1392.367188 141.44751 1405.381104 173.579026 1.614225 0.269545 0.574643 24.591451108206495 -19.90148369859399 118.059403821001 0.022256452898084023
Trafficcone 0 0 0.4884801470408512 1738.454468 321.867249 1748.343384 339.030182 0.476342 0.293031 0.318113 22.037629457327217 -5.917223042627658 60.196856971413055 2.461202725907173
Trafficcone 1 0 1.6892775577707582 614.026367 303.688416 625.438843 333.74160800000004 0.879298 0.444478 0.438588 -8.261151592584813 -5.829497189360367 57.357195329844224 -3.135257662723438
Car 0 0 1.8783818148987879 248.514359 274.210327 350.976716 343.127899 1.454623 4.340005 1.699379 -16.636400716279848 -5.671282146549483 57.20655205253174 -3.08758706131718
Trafficcone 0 0 -0.30317358601481414 1697.229126 370.456116 1712.727417 409.85727 0.843311 0.435396 0.460152 17.006938512460426 -3.3203766863648667 48.73721407070421 1.647877664018846
Trafficcone 0 0 0.4981807574982558 1841.294067 334.018707 1853.2242430000001 354.415619 0.493998 0.286269 0.296838 24.044759366701346 -5.359842356862853 58.02713318807488 2.511857308782002
Car 1 0 1.5991498459262972 684.648438 85.852264 735.7419440000001 141.596679 2.602338 8.629588 3.126108 -17.78331883492952 -30.370769615191822 165.25984580860305 3.095338999520875
Pedestrian 0 0 0.5607326517333409 1390.465942 190.315781 1407.016601 230.275208 1.480173 0.492874 0.275956 18.627044567314552 -12.953631047828253 87.90369959018503 2.3923670950838254
Pedestrian 0 0 4.406153404918765 1582.071777 193.369949 1601.836303 240.686309 1.73787 0.398868 0.566357 24.490287112703285 -11.506131647787843 82.28244083915419 0.013719584465093054
Pedestrian 1 0 4.438466196182015 1375.17395 141.741287 1394.1798090000002 177.657913 1.694439 0.435161 0.560679 23.978588513506704 -20.060459374497977 118.39721115750527 -0.041660096227967056
Trafficcone 1 0 -1.1923302839550356 63.55714 534.384644 84.266273 619.953309 0.884181 0.442209 0.454077 -12.12948431513404 0.6427494913060858 31.24783549355181 0.03811021869822512
Car 1 0 1.8904767168758603 157.685135 233.520279 245.12858599999998 290.40612799999997 1.55495 4.210726 1.879067 -23.4847993031866 -8.44754721231928 69.75193846256307 -3.1163719868923825
Car 1 0 1.7038405158387344 511.374695 172.535629 570.366394 220.616211 1.632314 4.317404 1.9108 -17.227528503977307 -14.398838503331024 94.78161016184461 3.126422801272399
Trafficcone 0 0 1.3184698464203701 1616.231567 347.032867 1631.08789 385.156982 0.834264 0.463678 0.495033 16.1554867119391 -4.093769391734561 51.904609494279704 -3.0634628750995976
Car 0 0 0.3164958605773821 50.391209 119.189857 158.15865000000002 173.10801600000002 2.370165 5.573076 2.477643 -49.05689966400434 -22.317854898311165 126.72519699831054 1.5598140986929154
Cyclist 1 0 1.308926731228647 1517.940308 230.474579 1551.2929689999999 267.141449 1.447198 1.738482 0.719775 20.521219299595945 -9.88721149252107 75.5734836198484 -3.1082576221405853
Trafficcone 0 2 0.352045542442615 0 662.626648 13.088732 724.895386 0.863105 0.488344 0.470568 -10.81171758266984 1.6635513656118075 25.423599311864177 1.5627073704318653
Car 0 0 -1.5670076492096379 931.279236 182.310822 976.4614869999999 223.2193 1.275018 1.593047 1.79837 0.6389092227820856 -14.25095916289878 93.31479572269221 0.040474129124832704
Trafficcone 0 0 2.856298431865732 1591.792725 335.542969 1605.084961 371.97485400000005 0.829079 0.469833 0.452985 16.154490108840456 -4.64716526929335 53.92697246256701 -1.5213293494567213
Motorcyclist 1 0 4.504564437523149 1387.076782 206.036987 1414.082763 248.01263400000002 1.332242 1.700143 0.546856 17.240783730940773 -11.642051600530085 83.17527856452593 0.026822888455670525
Trafficcone 1 0 1.6767199464676061 640.146179 334.684082 651.343994 372.898254 0.854418 0.409022 0.436898 -6.753025409546101 -4.271857452952252 51.4580433506924 -3.135257050056839
Trafficcone 1 0 0.4596543295833291 1639.692505 334.517517 1652.198242 368.370788 0.854295 0.465139 0.472934 17.537169881297363 -4.716113543972295 54.680127373373224 2.3928274004418677
Trafficcone 0 0 0.045586500634651916 1547.796387 186.242752 1562.9338380000002 203.88855 0.817794 0.456346 0.441262 26.317714505004822 -13.32391878543396 91.63893421574772 1.9474126695558551
Trafficcone 0 0 3.489605668443536 1727.427979 344.809509 1743.22754 380.819946 0.850975 0.4901 0.474757 19.301563998452693 -4.282322068786014 53.13068138429805 -0.8215276765898564
