Car 0 0 1.6462837042110265 547.049988 271.122223 630.6881109999999 337.942719 1.526688 4.371019 1.818874 -11.297903050171037 -6.201772262967185 75.48462916603195 3.0621975127851484
Car 0 0 1.6812379415239458 715.357117 134.764725 744.769837 159.246002 1.423728 4.283895 1.932858 -18.118293478821244 -26.972533269459298 188.66372792352476 -3.134575179617945
Trafficcone 1 0 4.581297820210951 1322.821289 325.820953 1330.598022 357.344909 0.806998 0.36226 0.547124 8.59522397481136 -5.616193179565575 70.99723707575482 -0.017891718853363204
Trafficcone 0 0 -1.2754802962601963 113.597633 397.411469 125.167274 435.96402 0.807545 0.344522 0.492168 -17.90349797201741 -2.714517782180015 56.68455443557651 -0.017891224783954315
Car 0 0 4.563342955372911 1136.35083 442.261139 1281.718384 564.741699 1.574384 4.565282 1.93222 3.3154922575600576 -0.45785586759627517 43.56110840936029 -0.07939498324800333
Trafficcone 0 0 4.532934859558755 1454.70105 626.078003 1475.5815429999998 688.55719 0.830024 0.353174 0.306907 5.844866004582146 1.4040435570608158 34.28891514243716 -0.017895936242232423
Car 0 0 -0.17045890666725522 845.8255 300.374969 1033.715942 369.713531 1.46991 4.500235 1.955691 -1.2690746216172615 -5.117270224809096 68.37306859456952 1.365986867102916
Trafficcone 1 0 4.438854574814798 1729.887329 539.587463 1744.619385 588.37677 0.818561 0.371361 0.361225 10.762330728498055 0.1688633200916705 39.98624608440562 -0.01789265954205341
Trafficcone 1 0 4.502214200882319 1537.40686 721.369263 1562.2183830000001 794.480774 0.86335 0.316936 0.325106 5.983249228721519 2.3030169393064104 29.58308607423806 -0.017892852450653945
Cyclist 1 0 4.443293965040058 1703.219482 427.017639 1754.4864499999999 542.166015 1.525302 1.816361 0.727252 11.833636585818669 -0.7264949832648275 44.75760436724595 -0.01789413013570371
Trafficcone 0 0 4.499443500372154 1551.560913 428.649292 1564.430664 470.15722700000003 0.853969 0.333996 0.520527 10.555254691311104 -1.917676270268216 51.45584120958914 -0.017898272442694912
Pedestrian 1 0 3.0554298170677385 1298.129517 332.809845 1323.978272 407.503143 1.622723 0.484394 0.55891 7.15459578615266 -3.4857921416697097 61.143839566252076 -1.552989485522835
Trafficcone 0 0 4.518583295696436 1491.21875 669.69751 1515.06604 736.76593 0.849468 0.380957 0.347838 5.938696282297524 1.788830226393717 32.05449727684513 -0.017892521489814052
Trafficcone 0 0 -1.2964870722721547 176.336655 370.819397 187.06410300000002 406.06012 0.871508 0.344933 0.396734 -17.995477341958292 -3.6242377554079903 61.44262859967326 -0.01788367854761461
Trafficcone 0 0 4.461263772973137 1668.212891 391.178986 1680.130005 429.84668 0.868364 0.305227 0.520736 14.065925969338604 -2.957212123376851 57.35125919862413 -0.01789184058900361
Trafficcone 0 0 4.607189625277854 1251.386963 396.061066 1260.7833249999999 430.11975099999995 0.895895 0.301703 0.386619 5.4140400711375705 -2.9047862299715215 57.06966127576764 -0.017893622221282247
Trafficcone 0 0 4.452480598869758 1686.354492 428.864044 1699.05542 470.255523 0.852234 0.366902 0.571045 13.12461971473165 -1.929881724211996 51.55176055700922 -0.01789181492519875
Pedestrian 1 0 0.31903568706993124 6.888841 332.329193 31.931486 417.671631 1.759109 0.451741 0.419182 -21.153173328452628 -3.351710260593836 60.38345754767448 1.5395804956097567
Car 0 0 4.591477237277283 1256.38501 222.006027 1321.417847 278.29684399999996 1.588276 4.232281 1.85372 10.63833354223275 -10.337805753398701 96.06068310062916 -0.01789364245845453
Car 1 0 4.638702792072104 964.293152 239.98381 1027.758179 292.039306 1.649532 4.242917 1.963279 0.19311076080178768 -9.132697038546016 90.37144586871534 -0.07788613078818288
Cyclist 1 0 0.2932993648122816 88.078865 324.055084 161.750305 408.69619700000004 1.565316 1.812596 0.6441 -19.676058435577698 -3.632188432304104 61.16826929987996 1.5395807496402611
Trafficcone 1 0 4.600289804925535 1264.724243 406.056213 1275.473755 443.734863 0.830177 0.370968 0.314813 5.560879092123372 -2.4840433890710356 54.60527127015476 -0.01788976160663611
Cyclist 1 0 0.311062091715519 40.045612 351.924469 118.28796700000001 429.228394 1.542719 2.020354 0.783874 -19.84472996235697 -3.0682673087428745 58.13010367871054 1.5395822656348277
Car 1 0 -1.5295595348416677 319.306915 789.002502 559.460449 998.849182 1.487077 4.298365 1.848437 -4.864633338142376 3.189218331164569 24.29632041789143 -0.16149354064131283
Car 0 3 4.447585948372296 1434.695679 943.912842 1898.3558349999998 1080.0 1.510255 4.701632 1.8145 4.289843045960365 4.070492988799627 19.765163087074463 -0.05772480343168958
Trafficcone 0 0 4.4028586527956515 1838.628784 427.966003 1852.244995 472.496551 0.893393 0.343653 0.596287 15.887170194783973 -1.9002201924661906 51.55615557199798 -0.01788933395298798
Car 0 0 4.701656873212014 753.448914 486.467804 892.362 633.47821 1.721808 4.253746 1.854737 -2.41554988748256 0.4338629602068691 38.692225380499586 -0.07939483388050281
Trafficcone 1 0 -1.2664673169553025 78.022995 410.882233 90.312134 452.832611 0.843753 0.301715 0.344027 -17.73581783080254 -2.4137705865607506 54.440220182629695 -0.01789136337710226
Trafficcone 1 0 -1.3049590732461271 146.726456 327.850555 156.076401 355.99920599999996 0.873301 0.337356 0.533436 -21.579581248394746 -5.611777698596346 71.08037938522257 -0.03590413669311793
Trafficcone 0 0 4.629066580519825 1186.757324 324.534058 1195.537231 354.425995 0.879767 0.367764 0.430175 5.161455388334322 -5.507210483732057 70.86240784653232 -0.017891544361617388
Trafficcone 0 0 4.543391069367242 1423.855103 588.178833 1442.698975 647.5993040000001 0.84218 0.331746 0.327476 5.8342707336617785 0.9383875915970838 36.528646270642135 -0.017896306525017575
Car 0 0 1.6036450283780612 662.653015 282.59137 751.138306 360.26446599999997 1.572408 4.293678 1.872831 -7.494656796041831 -5.479879188924786 70.48605716804319 3.0621973606994515
Trafficcone 0 0 4.611255561639282 1236.98938 379.220367 1246.50061 416.92706300000003 0.823392 0.32909 0.379647 5.376612807076887 -3.3339294776096944 59.23810813278179 -0.017897051299112152
Pedestrian 0 0 4.545423779455853 1490.440918 198.967224 1508.269043 254.76451099999997 1.712911 0.498583 0.628495 18.697715031682126 -11.460173823916541 101.78984025946176 0.007016166929518732
Trafficcone 0 0 4.521242015891933 1481.414673 367.288269 1493.461182 403.686798 0.877528 0.234227 0.365789 11.264827221657766 -3.8334520965760452 61.717951264304695 -0.017891592973183813
Car 1 0 1.5777193269063465 746.083435 202.248459 802.952942 258.425964 1.502807 4.209189 1.840211 -8.079708490108523 -11.17011411645931 102.74831998610487 3.063704457644846
Trafficcone 0 0 -1.2860088708521273 144.557465 385.072357 155.22013900000002 421.20108 0.882747 0.34294 0.339009 -17.9097054725782 -3.1623741464881023 58.85553088260951 -0.017887617445688685
Car 0 0 1.6095650017020164 658.27771 174.732193 724.586243 254.624619 2.398231 5.885041 2.057039 -11.682890224590652 -12.151396892618841 105.47030379663188 3.0637048201784007
Trafficcone 2 0 -1.3484343989896646 276.263458 324.869781 285.34094200000004 356.094024 0.864932 0.312215 0.495136 -18.218375353426573 -5.504703482922536 70.9709385139922 -0.035904946315738984
Trafficcone 1 3 4.42474567856039 1768.196655 978.960754 1803.451904 1079.856323 0.820232 0.328465 0.317035 6.105810822524672 3.7829388401068855 21.47352207495325 -0.017891843165378528
Trafficcone 0 0 4.453712404491444 1763.983154 356.663635 1772.572021 375.743561 0.48995 0.330973 0.388185 18.92439202930296 -4.7569216423741 67.49091549353426 0.007019248480725598
Trafficcone 0 0 4.615777936658323 1224.751343 366.689636 1235.077515 401.840973 0.900529 0.372946 0.486334 5.331918272866853 -3.827447090746616 61.846967559520685 -0.017890674082683185
Car 0 0 4.6211808302134685 1020.428772 259.337006 1089.779785 325.53396599999996 1.668213 4.275329 2.090235 1.563128210319186 -7.134582229887104 79.51184036512183 -0.07788838087952232
Car 1 0 1.9972791473290847 44.151665 287.90567 161.488785 356.124939 1.539904 4.376271 1.897578 -23.50377369876862 -5.709218262156441 72.8138710131403 -3.0366686746041767
Motorcyclist 1 2 0.33109654340083533 0 367.578033 40.057861 441.483947 1.505916 1.896704 0.726812 -20.29676301959351 -2.7598400003990937 55.774088241991564 1.539583066285208
Motorcyclist 0 3 1.2388811008796232 1890.612183 431.42688 1920.0 540.498963 1.516439 1.884434 0.728866 14.83120474677649 -0.6845618801524482 44.56043223606359 3.1236996389875054
Pedestrian 0 0 4.40216014268716 1906.408936 292.671021 1920.0 360.365998 1.639116 0.487869 0.45787 23.558664731803212 -5.3515815981492905 69.93415315341333 0.007017744169681811
Trafficcone 0 0 4.384420867003785 1900.075439 540.159668 1916.529174 592.183594 0.821451 0.324821 0.483562 13.16742270423383 0.22028143372975606 40.08898285426937 -0.017892987797303358
Car 0 0 4.6402353339196685 971.776306 143.100418 1004.041504 175.817612 1.772255 4.280089 2.025073 0.10081100883748384 -23.245731556931958 166.98469789769888 -0.07788671867651922
Trafficcone 0 0 4.49661420373653 1562.545044 380.105255 1572.786865 416.92578100000003 0.98077 0.27207 0.544136 12.400591287494331 -3.365175589333414 59.59266212986532 -0.017891794151761634
Car 1 3 4.607058140150119 1084.887817 848.921448 1390.264526 1080.0 1.688784 4.495566 1.823988 1.664125547378509 3.7004819161962184 21.38472460910505 -0.03467894135640629
Car 0 0 1.7402224400165098 241.759262 316.379822 391.071838 466.414673 2.286468 5.537346 2.325203 -13.09035367664435 -2.2102179113833715 52.91675930843121 3.062197178401276
Car 0 3 -1.5224514265047615 598.727173 957.707825 916.56189 1080.0 1.492996 4.890721 1.990712 -1.5616380136837538 4.15082104098328 19.158008091728952 -0.039915876920424156
Car 0 0 4.666475343910804 906.942871 149.624115 938.352234 176.377655 1.519671 4.229277 1.879379 -4.219212492764397 -22.73052317636252 164.54764757414185 -0.07788609602152059
Motorcyclist 1 0 3.0450152139450815 1273.00415 352.04245 1372.840332 435.259369 1.563771 1.859014 0.748124 7.177298640860357 -2.8461966751197183 56.25892646400186 -1.552996312040551
Trafficcone 0 0 4.423578817301382 1773.077515 402.591034 1785.309571 441.289398 0.883103 0.382059 0.444727 15.84540535231838 -2.558974442223744 55.48086007655646 -0.017893394571214437
