Cyclist 1 0 2.734332467096819 1528.72644 289.33963 1597.9943839999999 365.06311 1.762347 1.649016 0.761443 15.45390690610019 -4.743863383912665 54.198635350304585 -1.6607597119606952
Car 0 0 4.670307121793625 960.894714 397.073822 1069.800171 499.614593 1.603673 4.216247 1.892322 1.3023832310605297 -1.5326935470470806 39.53224734353478 0.023192134753643994
Car 0 3 4.335286106350193 1433.344849 1010.11145 1920.0 1080.0 1.505857 4.240506 1.826533 4.473331511422382 4.2188503292016195 14.534916755780703 -0.04451658908474994
Trafficcone 0 0 -0.30012193677262994 1799.106812 371.356201 1815.270386 407.691101 0.931562 0.339546 0.32206 18.98413238728827 -3.2801262523477037 48.176967918068044 1.690543614509121
Trafficcone 0 0 -0.40954340475172535 1768.209473 518.189819 1788.396851 573.6504510000001 0.790759 0.330144 0.386167 12.710640996118878 0.10634368556015517 33.1407492730473 1.5692075271565238
Car 1 3 1.9535737262218003 0 228.458496 56.103931 287.786346 1.427104 4.289026 1.808059 -30.12074073506167 -8.65311139425015 69.5201241021645 -3.134923340425329
Car 2 0 1.7342891195602006 635.742126 107.981934 664.0225829999999 132.275422 1.599989 4.289522 1.807107 -24.774079661997547 -34.181029816092064 182.58418046458334 -3.081498407633836
Car 1 0 1.6991895095086322 477.369598 170.888885 528.29364 208.267532 1.457818 4.301161 1.836144 -20.69528186760738 -15.972097787555587 101.78682019395137 3.1032648157032767
Car 1 0 1.6513479604829713 564.891052 162.78688 613.9573359999999 202.938461 1.455363 4.22857 1.813524 -17.03097775743819 -16.84378666096367 105.7159976303259 3.096452679171662
Car 0 3 2.016571507446686 0 309.99762 38.375576 438.458893 1.808346 4.805234 1.959837 -20.647228024530303 -2.7077026443460577 44.42456443670024 -3.0990102904654924
Car 1 0 1.8488800671896863 347.265625 184.769623 413.915253 228.451889 1.480272 4.286164 1.851291 -23.9525823673741 -14.138693257053578 93.00653869176578 -3.0840449457954437
Car 1 0 1.9185468510093557 93.56752 249.816254 196.96279900000002 313.068177 1.580362 4.331606 1.786707 -23.82960035068129 -7.119000037401183 64.08560549289409 -3.1175198537734654
Trafficcone 0 0 -0.21837089918157795 1728.709229 344.22113 1742.4891360000001 381.044372 0.806219 0.391238 0.320595 19.00858917757748 -4.224874912321728 52.46641421648563 1.745656899660039
Pedestrian 1 0 1.1481023027320996 1876.415039 315.391876 1913.251465 404.07162500000004 1.920867 0.445142 0.673432 21.494475668231743 -3.485477198249492 49.40619189311985 -3.1215127251639907
Car 0 0 -1.3120355914454636 191.182861 744.500366 503.019836 987.9932249999999 1.506478 4.504988 2.010088 -5.044915658634345 3.020844222160257 19.406146583737275 0.03644796405205918
Car 1 0 1.604266634475153 636.120728 134.676941 672.455506 168.346878 1.486976 4.059739 1.811315 -17.350488871706805 -22.88208022452142 131.86233590733303 3.07872345736488
Motorcyclist 2 0 3.284688430413545 568.275085 298.620911 651.434204 382.381562 1.685032 1.713686 0.710338 -7.731629020186407 -4.181347377339569 50.2981108285519 -1.5376729061954706
Trafficcone 0 0 -0.299456242108873 1820.697998 355.352905 1833.722412 389.17523200000005 0.890706 0.364884 0.361386 20.76426015121996 -3.969870852243317 51.276817452333404 1.7008233970174493
Car 1 0 1.6018482819992046 614.947876 141.234528 654.275574 175.989121 1.577127 4.300775 1.714995 -17.584708863891972 -21.378740099015722 124.5931975617825 3.0672183535142605
Trafficcone 0 0 1.3379809071377793 1615.767578 348.915314 1629.4868159999999 383.520081 0.81595 0.35842 0.341102 15.891183454068031 -4.14837495807025 51.34229388900444 -3.0436470454253683
Trafficcone 0 0 0.24946557403316502 223.368774 537.366516 246.123367 597.3836060000001 0.812157 0.316817 0.303089 -10.015082293876487 0.39433937154992194 30.70462290837649 1.5461280034618625
Car 1 0 1.9664518142562857 117.997337 196.915329 196.952911 244.04650900000001 1.515773 4.215637 1.892019 -30.216204946223623 -11.89042740090471 83.63907363232701 -3.0616113819810526
Car 0 0 4.656137454826103 944.97876 305.007385 1022.406922 381.299133 1.504021 4.230692 1.817628 0.9924798898309599 -4.582678619108342 52.62162295466553 -0.004377603270212699
Car 1 0 1.6719005625378762 508.575317 157.486786 554.631347 191.664658 1.601221 4.318519 1.927732 -20.70325345133514 -18.129410385295635 110.5764844458702 3.0917659320977644
Cyclist 0 0 4.373964184969844 1738.5448 331.815826 1781.906738 418.473907 1.641306 1.801214 0.652226 17.632565359148415 -3.195751580775581 47.58363311451306 0.04819039172229787
Car 0 0 1.83668625756423 286.35614 238.325836 389.28518699999995 328.752502 1.983731 4.574316 2.088147 -16.563900309632483 -6.3079918079970865 59.64517799839794 -3.114341061496542
Trafficcone 0 0 -0.3952620628612856 1829.397583 551.100342 1850.146729 614.611328 0.808481 0.327562 0.282801 12.633177299012026 0.5887226484811228 30.826913985944525 1.607093268223399
Pedestrian 0 0 4.300594231896055 1833.20874 344.221191 1872.117309 429.792785 1.714419 0.548098 0.7972 18.95797806634343 -2.687987006863387 45.72933499319008 0.013777614377081672
Motorcyclist 0 0 4.684540123801218 972.356628 210.110809 999.487487 266.253387 1.627583 1.893879 0.965981 1.6135237367338178 -10.440479559278234 78.1587172932938 0.0250876712210563
Car 0 0 1.938001444059223 84.678749 328.675018 229.40348 421.378418 1.527819 4.472959 1.969519 -16.509468918639982 -2.9029840760411547 45.05010637032657 -3.0939030052389573
Car 0 0 4.64215299319972 938.489319 696.641357 1144.066284 925.185058 1.496707 4.329823 1.836898 0.9667785178096415 2.5385910224579815 21.66611347387431 0.007089296053133029
Car 0 0 4.625178035815742 1138.542114 408.608521 1269.67395 520.522645 1.526964 4.170038 1.836558 4.4779047534931316 -1.167002366387024 38.126747231125215 0.061140538884165256
Car 0 0 -1.4887977792078695 662.869934 597.509216 841.669128 788.10852 1.64606 4.226549 1.854208 -1.98536768919188 1.712387156307127 25.30079107674732 0.035728001377560305
Car 1 0 1.8266429657531515 202.525284 113.950569 324.526367 229.40036 3.023198 11.9977 2.510374 -30.425103445145275 -15.229270236960563 97.97726163279137 3.129553499557457
Pedestrian 0 0 1.0127849945956349 1887.916992 343.441895 1920.0 428.679566 1.669879 0.691126 0.605253 20.44313857874134 -2.7893607315387188 46.24278749427917 3.0354393161431408
Car 1 0 1.758898482270512 429.956543 174.098557 492.187561 224.883927 1.521141 3.820374 1.965599 -20.773197861742904 -14.409418513283587 94.03175961838213 -3.1380938321486176
Trafficcone 0 0 1.2314782501215247 1695.609497 369.606049 1712.151245 409.183533 0.804511 0.399662 0.369617 16.694482427042317 -3.270361128227324 48.180571380338165 -3.1150976280939178
Cyclist 1 0 2.8935456638712957 1418.72937 199.318939 1467.965088 237.848999 1.119956 1.886468 0.773954 19.33544999722791 -12.350916093733176 86.1863103906667 -1.556037862758009
Trafficcone 1 0 -0.2712673337341934 1637.562256 333.0242 1651.587036 367.179138 0.816022 0.354883 0.311468 17.220332497870142 -4.680990952507066 54.04334820619951 1.6516451169684394
Car 1 0 1.7033693250725757 522.47998 170.971313 580.310974 218.389404 1.695392 4.131455 1.803307 -17.133024036072054 -14.691616917911702 96.62126857328882 3.1318175867268074
Trafficcone 0 0 4.314721012535532 1641.0271 356.475891 1655.689454 394.246033 0.976139 0.344626 0.370955 16.031727258714255 -3.632139856851187 49.6547110516558 -0.051178351210467474
Car 1 0 1.6355848190767865 547.009949 147.766418 581.239136 179.72852999999998 1.498425 4.284457 1.831362 -20.811100553293976 -20.331890589562107 119.87594179302864 3.0692221311081758
Trafficcone 0 0 -0.3364354832816753 1591.213013 336.826508 1604.02771 371.790772 0.796494 0.393724 0.338961 15.906329240958197 -4.539950810895518 53.32988341644259 1.5658646024371476
Car 1 0 1.870471643046271 284.56601 190.49321 358.649628 241.752823 1.721694 4.225053 1.93927 -24.049778524599805 -11.727580108283885 84.15517498650237 -3.08864566519389
Car 1 0 1.611783186505567 590.065247 154.790771 630.636292 191.924484 1.779783 4.153193 1.812072 -16.833007794915563 -18.26009285765202 111.84655774087753 3.0679651476859116
Car 1 0 1.8754712859513427 216.796555 210.266205 302.513703 266.41873200000003 1.491315 4.275145 1.932928 -24.201042434783506 -10.14120600874476 76.90581280107781 -3.1096606761752055
Car 1 0 1.78703907831258 482.404327 192.601517 545.099548 236.793732 1.447336 4.253343 1.86522 -17.06962641178295 -12.342348268584328 86.43895657222197 -3.0886853842142608
Trafficcone 2 0 0.30651684321330275 61.741306 536.517334 86.431526 597.09491 0.799814 0.339561 0.34796 -12.055058809411461 0.3528205460147458 30.602167952047377 1.5431390836874619
Car 0 0 -1.5135211865120206 876.369385 151.204544 914.085205 187.116211 1.680436 4.393323 2.046875 -2.302789049994127 -19.14965425294246 115.72082468255654 0.068643201844455
Car 0 0 4.51800225551556 1251.231079 594.686096 1479.6455079999998 776.819885 1.482172 4.711442 1.770169 4.765121502687077 1.667274411012945 25.633979201917658 0.02178146002955031
Motorcyclist 1 0 2.9330097198256877 1371.203491 181.077438 1419.729858 214.162307 1.704712 1.709803 0.715756 19.844571156800026 -14.369896075806587 94.6407083965812 -1.5299597417596724
Motorcyclist 1 0 3.317846676933246 1828.906372 296.970703 1908.6180419999998 365.97814900000003 1.535073 1.776775 0.834863 23.925839864164377 -4.90496873620229 55.71026789809719 -0.9385390900848405
Car 0 3 -1.44959555972924 390.123199 997.386414 760.150451 1080.0 1.697141 4.209332 1.994799 -2.099559426296035 4.146979594536618 14.488111734509028 0.009949748541610702
Car 1 0 1.6750172130177396 454.043213 149.019455 498.582398 188.411636 1.832386 4.834665 1.889199 -24.300598729947104 -18.867687615757117 113.35484601786106 3.069363012887537
Trafficcone 0 3 0.43179115505359605 0 647.249329 10.330495 735.541871 0.806335 0.365064 0.388658 -10.70754532469824 1.7487493600920794 24.898448525568234 1.639829230225701
Car 0 0 -1.56404474082585 800.325806 303.64563 887.903015 389.06872599999997 1.713776 4.230382 1.831009 -2.207116125958222 -4.222123132295475 51.17948008400183 -0.003356494551405357
Cyclist 1 0 3.2359021420416676 570.662109 274.700012 637.436828 344.22857600000003 1.974673 2.476964 0.73485 -7.999036157362763 -4.7573248727736575 54.249930612855216 -1.5813755254374742
Car 0 0 -1.5262559504955489 752.020691 397.621338 870.7139890000001 517.390503 1.671182 4.217493 1.823557 -2.149593852197559 -1.2932500536075633 38.441958568704926 0.02107301463917083
Car 0 0 -1.5121288742714187 947.816956 108.265129 970.664429 127.615806 1.451481 4.246179 1.827858 1.2633309987904777 -36.83306994127743 195.56892644804054 0.0957741061163963
Car 0 0 1.810371315551474 424.220642 210.430679 494.594971 262.269439 1.645385 3.668618 1.846821 -16.93126130143163 -10.078988639202475 76.25550633272957 -3.0888701610930496
Motorcyclist 1 0 3.3214606160147904 1739.513916 292.608124 1809.2772220000002 361.19711299999994 1.696402 1.799267 0.821511 21.60710095565158 -5.177890367455752 56.94009716772053 -0.9779012260774899
Trafficcone 0 0 0.2977326320148774 70.112129 598.602478 93.93002299999999 660.116333 0.801577 0.353836 0.395177 -10.756487018604751 1.1738384993651012 27.452895173712626 1.536009136884728
Car 1 0 4.5069655256079235 1267.22168 200.879822 1332.5338140000001 243.84716799999998 1.405074 4.205039 2.083942 13.831071917400664 -11.687961461123265 84.77709854034129 -0.010533895435291114
Car 1 0 1.8931705598089852 128.576355 256.657196 241.545654 334.576904 1.732306 4.422779 1.952003 -20.335056577866577 -5.841108270407154 58.04976548004445 -3.1236945051530363
Trafficcone 0 0 0.6195665135247592 1588.277832 297.494141 1596.760498 310.98165900000004 0.460644 0.290506 0.373349 19.655419372503413 -6.811261888339755 63.40829444316571 2.538240122936514
Trafficcone 1 0 4.352539970498346 1879.214478 374.200043 1893.958497 415.032105 0.994328 0.369686 0.380733 20.72392448315438 -3.223588395291329 48.216410484616006 0.07715810286288254
Car 0 0 4.661429232887124 886.715027 113.913467 915.0888669999999 134.342697 1.456192 4.323506 1.86611 -3.8121256925027973 -33.481485310740496 180.78521961025496 -0.03818213302231459
Car 1 0 1.8359660892494072 337.957275 204.046402 412.26360999999997 260.493958 1.673473 4.222219 1.946802 -20.283494403063933 -10.597177481150759 78.25766802045767 -3.0981744589991966
Car 1 0 1.7509905443494287 413.29007 162.582275 463.427094 203.96376 1.583403 4.292703 1.827224 -24.36865580230571 -16.885641234365206 106.01082321901865 3.1290601160251015
